"","V1","V2","V3","V4","V5","V6","V7","V8","V9","V10","V11","V12","V13","V14","V15","V16","V17","V18","V1","V2","V3","V4","V5","V6","V7","V8","V9","V10","V11","V12","V13","V14","V15","V16","V17","V18"
"V1",1,0.672259513143819,0.0912926337796412,0.641372175490811,0.684915837846569,0.408769041230589,-0.171381591152006,-0.315587258252271,0.0479321598335279,-0.238995939617513,0.320376337072352,0.266479269441118,0.179256735331618,0.412092897343097,0.258342871110346,0.063920182037684,0.0702966375145188,0.117207196936375,-0.118332233130341,-0.078363668280132,-0.0954887443161181,-0.105237379354486,-0.157413601518867,-0.219712310451725,-0.109983010490945,-0.0566193070003854,-0.147523469778373,0.15862897951136,-0.0328543402683733,0.291334242815436,0.068021978716925,-0.239133378156503,0.143246645159081,0.157321718306656,0.152100342617477,0.13764601569438
"V2",0.672259513143819,1,-0.236147196669159,0.665704966693053,0.558078423810991,0.410871940841132,-0.30926376337531,-0.131076141875619,-0.0557964278496584,-0.24908846517043,0.232733232670858,0.114992147975071,0.111513177706853,0.208524630030165,0.138076099977036,-0.0536070356943446,-0.014705232935696,0.123217806139543,-0.140252551101664,-0.114921485317228,-0.0488080494650215,-0.182603217118896,-0.10259607821758,-0.0994971373350685,-0.0223316313503239,-0.128627838834506,-0.128687329676151,0.0260242289084719,-0.00434886644675323,0.209642546047114,0.0604429510242353,-0.158064125023091,0.15777008337092,0.133365715439279,0.0824422022477756,0.193442324602147
"V3",0.0912926337796412,-0.236147196669159,1,0.255318336209981,-0.0408789614559093,0.227433214096593,0.323156745709268,-0.288567969976579,-0.0136058506406174,-0.124879254925335,0.246077612325708,0.331255940807576,0.243192560725212,0.425350313718235,0.394208389437533,0.53437058975695,0.179137402120491,0.167710242486537,0.0717357634631573,0.108759404729571,-0.0642163581431329,0.127476136714532,0.0268607825027816,-0.0948142154335869,-0.0926024281776866,0.130678093808868,0.122008112447354,0.109505651984448,-0.164787091424064,0.0640087481252185,0.0611158155539401,-0.144137566854897,-0.152364013513269,0.00366195189366368,0.0259088105225453,-0.0119726795769446
"V4",0.641372175490811,0.665704966693053,0.255318336209981,1,0.411610754684011,0.328112774151394,0.0186369589266845,-0.302535787044916,0.0250215015053154,-0.211726245605893,0.185698495168227,0.353992685167559,0.0341151414101194,0.398235345926613,0.310211222074855,0.10202185817682,-0.105350510981317,-0.0421060234346678,-0.061941307973742,0.0134394520833597,-0.0448485678380156,-0.0220995027286161,-0.0677901120428792,-0.153691466438201,-0.146809715806742,-0.00723958067778028,-0.0597876467466147,0.184971928471731,-0.0897418689093647,0.172759503796903,-0.00320364329282867,-0.254884200927181,0.0649355267719755,0.157124109040366,0.0429635654048355,0.106368646877236
"V5",0.684915837846569,0.558078423810991,-0.0408789614559093,0.411610754684011,1,0.419651427814067,-0.233567761377123,-0.335009821628995,0.0481657232837466,-0.158624319688547,0.301053889791832,0.0485981003169325,0.298351513502298,0.26185752722161,0.161448228569991,0.152271198254976,0.158235688272868,0.159771381424023,-0.106234692743404,-0.106532291710583,-0.169316321493564,-0.149558834665852,-0.112621918730908,-0.199856901606108,-0.12044044797471,-0.127187851429654,-0.0379504040491681,0.0302738404402314,-0.0260910619593276,0.267342331078032,0.0646950603182669,-0.0852432716397603,0.132376816937273,0.164815460718467,0.241249815108002,0.064739153488308
"V6",0.408769041230589,0.410871940841132,0.227433214096593,0.328112774151394,0.419651427814067,1,-0.265997681005334,-0.248164600409229,-0.0933097179504694,-0.285912568221751,0.512251427932173,0.270870117271677,0.627076552431286,0.359722791942841,0.367634734158566,0.286628671453773,0.352423174679846,0.44675556051487,-0.0100669511744733,-0.0217449417310353,0.00110845436215122,-0.0861737486667133,0.079931463581453,0.0549519563244013,0.120540784030968,0.0357963423534797,0.136745482547684,-0.170521341911406,-0.0801541532920877,0.0684003870918411,0.260718799897732,-0.0460695552162861,-0.156256665824145,-0.0976294740753713,0.031879967666821,0.0857510137421338
"V7",-0.171381591152006,-0.30926376337531,0.323156745709268,0.0186369589266845,-0.233567761377123,-0.265997681005334,1,-0.0516942220430359,0.0327537684848707,0.0459102869431907,-0.161228647669097,-0.229957102190205,-0.351139156827621,-0.180815963593004,-0.274417201251513,0.12666032163136,-0.278038442267611,-0.327441940375243,-0.0128139676860473,0.0830084333919718,-0.0351578543533688,0.100413013895682,-0.0652505708091902,-0.00157657412939915,-0.119858534166303,0.0257978852815175,-0.0860037718226471,0.189506647855177,-0.0928584531606756,0.0198208460051411,-0.0828634435826723,-0.0737932345096198,0.00438824819984211,0.0830065260041562,-0.0242295720347054,-0.0219638233486411
"V8",-0.315587258252271,-0.131076141875619,-0.288567969976579,-0.302535787044916,-0.335009821628995,-0.248164600409229,-0.0516942220430359,1,-0.30392542386923,-0.542284178358658,-0.303118225120887,-0.261582214889959,-0.294985486163099,-0.348824137988263,-0.336107329882102,-0.248827611755301,-0.193894424356662,-0.16483254189846,-0.0183256184083084,-0.0416049801105405,0.0808016436030373,0.000464337647751631,0.00886253915457039,0.175639042208282,0.176568725446809,-0.0124934807357694,-0.0857161788889167,-0.0125753122285626,0.0508565863392271,-0.143002960236055,-0.0510874971093951,0.152205069772556,0.0169975604384143,-0.0718786531785972,-0.107799412943736,-0.059974675546391
"V9",0.0479321598335279,-0.0557964278496584,-0.0136058506406174,0.0250215015053154,0.0481657232837466,-0.0933097179504694,0.0327537684848707,-0.30392542386923,1,-0.109326068505581,-0.0677616428526649,-0.00993696330774566,-0.07555161105849,-0.0403955266283473,-0.0436024501962764,-0.111852856751974,-0.0458316147779933,-0.0844702515839576,0.0112636151273474,0.0896420681316718,0.029461863691688,0.0312829055435958,0.034352018564885,-0.0813032125357373,-0.0992845254913489,-0.0214650294302345,-0.00816160672600324,0.0236317446853309,-0.0269092888151904,0.0911212241729094,-0.0504329011543609,-0.113187353048375,-0.00382459892646704,0.0403283925111598,0.0539099943447517,0.0124007313207992
"V10",-0.238995939617513,-0.24908846517043,-0.124879254925335,-0.211726245605893,-0.158624319688547,-0.285912568221751,0.0459102869431907,-0.542284178358658,-0.109326068505581,1,-0.232238195691401,-0.174027589112256,-0.238840851673938,-0.281900908775368,-0.193517943211148,-0.206601155168222,-0.165489319487595,-0.224586067401106,0.00557775799832398,0.032911671808861,-0.019466138334403,-0.00620473126341025,-0.0149786129435908,-0.0319987317040875,-0.0942647526831953,-0.0618506302855426,0.0571595958985799,-0.0253753626681963,0.0664769743530528,-0.018266921312717,-0.0316667009656054,0.0232805582528539,0.010018566674863,0.0341470370275372,0.0278282152602404,-0.0237792560943752
"V11",0.320376337072352,0.232733232670858,0.246077612325708,0.185698495168227,0.301053889791832,0.512251427932173,-0.161228647669097,-0.303118225120887,-0.0677616428526649,-0.232238195691401,1,0.229700640106124,0.70207959974299,0.644131878445997,0.446982218923551,0.636192132235849,0.350167952273844,0.459072488666357,0.0265174667155395,0.00538350761610403,0.0360553808435842,0.0130969722890577,-0.00560681335443118,0.041990658512045,0.0812890478177318,0.124001028320461,0.0748193635476982,-0.0634162032002461,-0.0604965635144933,-0.00576452460980707,0.135142415626086,0.000498158934276312,-0.0489525754223722,-0.10094548087663,-0.0502429684687222,-0.0300174971720236
"V12",0.266479269441118,0.114992147975071,0.331255940807576,0.353992685167559,0.0485981003169325,0.270870117271677,-0.229957102190205,-0.261582214889959,-0.00993696330774566,-0.174027589112256,0.229700640106124,1,0.379374309545378,0.744812435337219,0.892930424678398,0.127989689547437,0.0798609449995434,0.18601112777641,0.0939704606111624,0.0240862142475743,-0.0248878303340116,0.0438263240626221,0.0658250585929579,-0.0994902296220889,-0.0909160817973039,0.0794537425274301,0.0765594795698005,0.0357102278665314,-0.00958331850280865,-0.0340736890713327,-0.0709797386601458,-0.0953868915615189,-0.00477573836577356,-0.00415446336316914,-0.047209641289268,0.0724639016420624
"V13",0.179256735331618,0.111513177706853,0.243192560725212,0.0341151414101194,0.298351513502298,0.627076552431286,-0.351139156827621,-0.294985486163099,-0.07555161105849,-0.238840851673938,0.70207959974299,0.379374309545378,1,0.604421391585571,0.564821673489769,0.54361614078766,0.576021168664284,0.604552868526275,0.0829082458440475,-0.050880639814029,0.029923829144897,-0.0463591747550039,0.143694036361348,0.033908849532427,0.108829045921202,0.0891603942182537,0.18582505482395,-0.238244139126646,-0.0137225732063829,-0.0211000912271034,0.216824841283966,0.0372165565106249,-0.153676600193563,-0.177539189751634,0.0102227912739512,0.050244863353368
"V14",0.412092897343097,0.208524630030165,0.425350313718235,0.398235345926613,0.26185752722161,0.359722791942841,-0.180815963593004,-0.348824137988263,-0.0403955266283473,-0.281900908775368,0.644131878445997,0.744812435337219,0.604421391585571,1,0.799790625426048,0.566402055559267,0.268778011526929,0.364458297162759,0.108800552756406,-0.0343151661254085,-0.0916260415683107,0.099049367997514,-0.0276348361709639,-0.139446537387333,-0.0875375638785238,0.180801211918,0.0354037526306797,0.0845612679689621,-0.0911975114503217,0.0219927743654811,0.00230396955111799,-0.0851037767307846,0.00914991970332744,0.0124757682402024,-0.00423243303439771,0.0135936655851014
"V15",0.258342871110346,0.138076099977036,0.394208389437533,0.310211222074855,0.161448228569991,0.367634734158566,-0.274417201251513,-0.336107329882102,-0.0436024501962764,-0.193517943211148,0.446982218923551,0.892930424678398,0.564821673489769,0.799790625426048,1,0.386083160029053,0.207820531949658,0.372423885515211,0.0875361071351693,-0.0337888537072253,-0.0534921077643363,0.0162024898539626,0.0776283521241103,-0.0680394592192478,-0.0650808018257061,0.125288133687248,0.134195619627487,-0.0113155938636374,-0.0424583129044957,-0.0231982121422281,-0.01997034249002,-0.0194501423853598,-0.0246754761816365,-0.0434974076760693,-0.0352530890048622,0.0386038747411262
"V16",0.063920182037684,-0.0536070356943446,0.53437058975695,0.10202185817682,0.152271198254976,0.286628671453773,0.12666032163136,-0.248827611755301,-0.111852856751974,-0.206601155168222,0.636192132235849,0.127989689547437,0.54361614078766,0.566402055559267,0.386083160029053,1,0.361303276630932,0.379741484656335,0.0471181604858167,-0.0469607112620006,-0.129751451139278,0.0555450722226294,0.000493782091365658,-0.0203873199645872,-0.0277210727115315,0.207491091311311,0.0633151735100963,0.0554446955649925,-0.162302237298843,0.00202228016584855,0.0647382681868664,0.0430745008399576,-0.0153002706287387,-0.00806270075366243,-0.0124371005719267,-0.0834121871418659
"V17",0.0702966375145188,-0.014705232935696,0.179137402120491,-0.105350510981317,0.158235688272868,0.352423174679846,-0.278038442267611,-0.193894424356662,-0.0458316147779933,-0.165489319487595,0.350167952273844,0.0798609449995434,0.576021168664284,0.268778011526929,0.207820531949658,0.361303276630932,1,0.502222637295132,0.0523789438338861,-0.00252696757945756,0.0165583862628736,0.029379921373163,0.0827718962756269,-0.0243723358384822,0.129005045228786,0.125779247459034,0.12487767722965,-0.157045493692278,-0.00773812733878445,-0.0260104317429923,0.179484820916966,-0.00355847183071741,-0.154940307390055,-0.125251056653865,0.0173815732084074,0.0195392656661177
"V18",0.117207196936375,0.123217806139543,0.167710242486537,-0.0421060234346678,0.159771381424023,0.44675556051487,-0.327441940375243,-0.16483254189846,-0.0844702515839576,-0.224586067401106,0.459072488666357,0.18601112777641,0.604552868526275,0.364458297162759,0.372423885515211,0.379741484656335,0.502222637295132,1,0.120139442552086,-0.0540784849711692,-0.00378567753262782,0.0546743583194203,0.0880716449681567,0.000476551582200509,0.128704261640607,0.162432112855006,0.118607252101145,-0.185249829501044,-0.0676090877799453,-0.0212981803740867,0.163739211147358,0.0948421148576597,-0.143293203239753,-0.163200742244034,0.0217932283761535,-0.0275096921855237
"V1",-0.118332233130341,-0.140252551101664,0.0717357634631573,-0.061941307973742,-0.106234692743404,-0.0100669511744733,-0.0128139676860473,-0.0183256184083084,0.0112636151273474,0.00557775799832398,0.0265174667155395,0.0939704606111624,0.0829082458440475,0.108800552756406,0.0875361071351693,0.0471181604858167,0.0523789438338861,0.120139442552086,1,-0.0435414196025581,0.0708919124128661,0.611408090641428,0.458283883615317,-0.116756208008209,0.123937593553041,0.335144072515749,0.168362519432535,-0.234882243855937,-0.126424717913439,-0.327234915253361,0.123366335081482,0.124741930409829,-0.457685514623064,-0.382169466978107,-0.0511377181972326,-0.238452382616235
"V2",-0.078363668280132,-0.114921485317228,0.108759404729571,0.0134394520833597,-0.106532291710583,-0.0217449417310353,0.0830084333919718,-0.0416049801105405,0.0896420681316718,0.032911671808861,0.00538350761610403,0.0240862142475743,-0.050880639814029,-0.0343151661254085,-0.0337888537072253,-0.0469607112620006,-0.00252696757945756,-0.0540784849711692,-0.0435414196025581,1,0.62063997429301,0.331374055063257,-0.0751650686509227,0.220247253676652,-0.0436088118150849,-0.144720767846661,0.0489928739690877,0.155592262863028,0.0284131651746487,-0.140496684711953,-0.302025815004101,-0.322184306540172,-0.254086032075896,-0.096435155748745,-0.362638425552691,-0.175590599723406
"V3",-0.0954887443161181,-0.0488080494650215,-0.0642163581431329,-0.0448485678380156,-0.169316321493564,0.00110845436215122,-0.0351578543533688,0.0808016436030373,0.029461863691688,-0.019466138334403,0.0360553808435842,-0.0248878303340116,0.029923829144897,-0.0916260415683107,-0.0534921077643363,-0.129751451139278,0.0165583862628736,-0.00378567753262782,0.0708919124128661,0.62063997429301,1,0.117765001466274,0.0919309163951539,0.45905931605884,0.398268164418092,-0.105713753024127,-0.0822982322331914,-0.189673150784554,0.0842273046169457,-0.273637169036171,-0.0773353367443006,-0.0760232443449988,-0.294953815324693,-0.316618845405865,-0.396397240581366,-0.159163614161455
"V4",-0.105237379354486,-0.182603217118896,0.127476136714532,-0.0220995027286161,-0.149558834665852,-0.0861737486667133,0.100413013895682,0.000464337647751631,0.0312829055435958,-0.00620473126341025,0.0130969722890577,0.0438263240626221,-0.0463591747550039,0.099049367997514,0.0162024898539626,0.0555450722226294,0.029379921373163,0.0546743583194203,0.611408090641428,0.331374055063257,0.117765001466274,1,-0.0521987448997282,-0.0852750533100984,-0.0460610130367677,0.498791614307199,0.073681809439906,0.0172307656792142,-0.153117139457217,-0.262870537996662,0.0161492274347025,-0.0881435823627949,-0.390597200591677,-0.362315703163201,-0.29549976339029,-0.213318858218077
"V5",-0.157413601518867,-0.10259607821758,0.0268607825027816,-0.0677901120428792,-0.112621918730908,0.079931463581453,-0.0652505708091902,0.00886253915457039,0.034352018564885,-0.0149786129435908,-0.00560681335443118,0.0658250585929579,0.143694036361348,-0.0276348361709639,0.0776283521241103,0.000493782091365658,0.0827718962756269,0.0880716449681567,0.458283883615317,-0.0751650686509227,0.0919309163951539,-0.0521987448997282,1,0.110861295069311,0.295814864961679,0.00422192618746038,0.166811702253779,-0.235508381885839,-0.153317556872992,-0.255280055518049,-0.0136008638587266,-0.00808561890679039,-0.32601994014715,-0.219529059353544,0.00675220234505056,0.0444571049371552
"V6",-0.219712310451725,-0.0994971373350685,-0.0948142154335869,-0.153691466438201,-0.199856901606108,0.0549519563244013,-0.00157657412939915,0.175639042208282,-0.0813032125357373,-0.0319987317040875,0.041990658512045,-0.0994902296220889,0.033908849532427,-0.139446537387333,-0.0680394592192478,-0.0203873199645872,-0.0243723358384822,0.000476551582200509,-0.116756208008209,0.220247253676652,0.45905931605884,-0.0852750533100984,0.110861295069311,1,0.59748840436377,0.115146502263536,0.0453891449048766,-0.313617319043331,0.117900774497327,-0.470902662646332,0.0523564965090626,0.260747409881723,-0.23042015279462,-0.475846503208178,-0.477911201480554,-0.145166242009274
"V7",-0.109983010490945,-0.0223316313503239,-0.0926024281776866,-0.146809715806742,-0.12044044797471,0.120540784030968,-0.119858534166303,0.176568725446809,-0.0992845254913489,-0.0942647526831953,0.0812890478177318,-0.0909160817973039,0.108829045921202,-0.0875375638785238,-0.0650808018257061,-0.0277210727115315,0.129005045228786,0.128704261640607,0.123937593553041,-0.0436088118150849,0.398268164418092,-0.0460610130367677,0.295814864961679,0.59748840436377,1,0.232598596723744,0.0442290179253925,-0.391876568696309,0.0238628632092116,-0.26027583159861,0.270317184623555,0.243606272834241,-0.403646650492744,-0.485291864558591,-0.212273549638283,-0.229352020156938
"V8",-0.0566193070003854,-0.128627838834506,0.130678093808868,-0.00723958067778028,-0.127187851429654,0.0357963423534797,0.0257978852815175,-0.0124934807357694,-0.0214650294302345,-0.0618506302855426,0.124001028320461,0.0794537425274301,0.0891603942182537,0.180801211918,0.125288133687248,0.207491091311311,0.125779247459034,0.162432112855006,0.335144072515749,-0.144720767846661,-0.105713753024127,0.498791614307199,0.00422192618746038,0.115146502263536,0.232598596723744,1,0.164738882357902,-0.0420266786376838,-0.241664381378301,-0.260351336686877,0.230814548497249,0.10231228928113,-0.320901785117177,-0.327566763075626,-0.153846846245759,-0.318955830041809
"V9",-0.147523469778373,-0.128687329676151,0.122008112447354,-0.0597876467466147,-0.0379504040491681,0.136745482547684,-0.0860037718226471,-0.0857161788889167,-0.00816160672600324,0.0571595958985799,0.0748193635476982,0.0765594795698005,0.18582505482395,0.0354037526306797,0.134195619627487,0.0633151735100963,0.12487767722965,0.118607252101145,0.168362519432535,0.0489928739690877,-0.0822982322331914,0.073681809439906,0.166811702253779,0.0453891449048766,0.0442290179253925,0.164738882357902,1,-0.062055639245616,0.467322851015609,-0.386182330646456,0.105053006099797,0.257678113378592,-0.518233593655052,-0.444266771188077,-0.150868010692995,-0.31531727150963
"V10",0.15862897951136,0.0260242289084719,0.109505651984448,0.184971928471731,0.0302738404402314,-0.170521341911406,0.189506647855177,-0.0125753122285626,0.0236317446853309,-0.0253753626681963,-0.0634162032002461,0.0357102278665314,-0.238244139126646,0.0845612679689621,-0.0113155938636374,0.0554446955649925,-0.157045493692278,-0.185249829501044,-0.234882243855937,0.155592262863028,-0.189673150784554,0.0172307656792142,-0.235508381885839,-0.313617319043331,-0.391876568696309,-0.0420266786376838,-0.062055639245616,1,-0.0486537248980826,0.320035143100654,-0.439606513508683,-0.426865272701712,0.171296868283427,0.333995936175003,-0.02439371655073,-0.100005025860525
"V11",-0.0328543402683733,-0.00434886644675323,-0.164787091424064,-0.0897418689093647,-0.0260910619593276,-0.0801541532920877,-0.0928584531606756,0.0508565863392271,-0.0269092888151904,0.0664769743530528,-0.0604965635144933,-0.00958331850280865,-0.0137225732063829,-0.0911975114503217,-0.0424583129044957,-0.162302237298843,-0.00773812733878445,-0.0676090877799453,-0.126424717913439,0.0284131651746487,0.0842273046169457,-0.153117139457217,-0.153317556872992,0.117900774497327,0.0238628632092116,-0.241664381378301,0.467322851015609,-0.0486537248980826,1,-0.205188968344805,-0.0631912740207801,0.195634375901127,-0.166435815067903,-0.285321984061124,-0.305698712747316,-0.146691131394538
"V12",0.291334242815436,0.209642546047114,0.0640087481252185,0.172759503796903,0.267342331078032,0.0684003870918411,0.0198208460051411,-0.143002960236055,0.0911212241729094,-0.018266921312717,-0.00576452460980707,-0.0340736890713327,-0.0211000912271034,0.0219927743654811,-0.0231982121422281,0.00202228016584855,-0.0260104317429923,-0.0212981803740867,-0.327234915253361,-0.140496684711953,-0.273637169036171,-0.262870537996662,-0.255280055518049,-0.470902662646332,-0.26027583159861,-0.260351336686877,-0.386182330646456,0.320035143100654,-0.205188968344805,1,0.078658952576388,-0.492999047347074,0.24345133866808,0.464623969059088,0.311627907004407,0.252941449035278
"V13",0.068021978716925,0.0604429510242353,0.0611158155539401,-0.00320364329282867,0.0646950603182669,0.260718799897732,-0.0828634435826723,-0.0510874971093951,-0.0504329011543609,-0.0316667009656054,0.135142415626086,-0.0709797386601458,0.216824841283966,0.00230396955111799,-0.01997034249002,0.0647382681868664,0.179484820916966,0.163739211147358,0.123366335081482,-0.302025815004101,-0.0773353367443006,0.0161492274347025,-0.0136008638587266,0.0523564965090626,0.270317184623555,0.230814548497249,0.105053006099797,-0.439606513508683,-0.0631912740207801,0.078658952576388,1,0.132991575621629,-0.415552788551944,-0.387080334290464,0.135608664825584,0.0883829510057178
"V14",-0.239133378156503,-0.158064125023091,-0.144137566854897,-0.254884200927181,-0.0852432716397603,-0.0460695552162861,-0.0737932345096198,0.152205069772556,-0.113187353048375,0.0232805582528539,0.000498158934276312,-0.0953868915615189,0.0372165565106249,-0.0851037767307846,-0.0194501423853598,0.0430745008399576,-0.00355847183071741,0.0948421148576597,0.124741930409829,-0.322184306540172,-0.0760232443449988,-0.0881435823627949,-0.00808561890679039,0.260747409881723,0.243606272834241,0.10231228928113,0.257678113378592,-0.426865272701712,0.195634375901127,-0.492999047347074,0.132991575621629,1,-0.0690146095359262,-0.382175587607165,0.0620076748612991,-0.378156313965533
"V15",0.143246645159081,0.15777008337092,-0.152364013513269,0.0649355267719755,0.132376816937273,-0.156256665824145,0.00438824819984211,0.0169975604384143,-0.00382459892646704,0.010018566674863,-0.0489525754223722,-0.00477573836577356,-0.153676600193563,0.00914991970332744,-0.0246754761816365,-0.0153002706287387,-0.154940307390055,-0.143293203239753,-0.457685514623064,-0.254086032075896,-0.294953815324693,-0.390597200591677,-0.32601994014715,-0.23042015279462,-0.403646650492744,-0.320901785117177,-0.518233593655052,0.171296868283427,-0.166435815067903,0.24345133866808,-0.415552788551944,-0.0690146095359262,1,0.69871647633317,0.228346323845769,0.17379151118822
"V16",0.157321718306656,0.133365715439279,0.00366195189366368,0.157124109040366,0.164815460718467,-0.0976294740753713,0.0830065260041562,-0.0718786531785972,0.0403283925111598,0.0341470370275372,-0.10094548087663,-0.00415446336316914,-0.177539189751634,0.0124757682402024,-0.0434974076760693,-0.00806270075366243,-0.125251056653865,-0.163200742244034,-0.382169466978107,-0.096435155748745,-0.316618845405865,-0.362315703163201,-0.219529059353544,-0.475846503208178,-0.485291864558591,-0.327566763075626,-0.444266771188077,0.333995936175003,-0.285321984061124,0.464623969059088,-0.387080334290464,-0.382175587607165,0.69871647633317,1,0.404688167400205,0.11043335171693
"V17",0.152100342617477,0.0824422022477756,0.0259088105225453,0.0429635654048355,0.241249815108002,0.031879967666821,-0.0242295720347054,-0.107799412943736,0.0539099943447517,0.0278282152602404,-0.0502429684687222,-0.047209641289268,0.0102227912739512,-0.00423243303439771,-0.0352530890048622,-0.0124371005719267,0.0173815732084074,0.0217932283761535,-0.0511377181972326,-0.362638425552691,-0.396397240581366,-0.29549976339029,0.00675220234505056,-0.477911201480554,-0.212273549638283,-0.153846846245759,-0.150868010692995,-0.02439371655073,-0.305698712747316,0.311627907004407,0.135608664825584,0.0620076748612991,0.228346323845769,0.404688167400205,1,-0.0409192386317015
"V18",0.13764601569438,0.193442324602147,-0.0119726795769446,0.106368646877236,0.064739153488308,0.0857510137421338,-0.0219638233486411,-0.059974675546391,0.0124007313207992,-0.0237792560943752,-0.0300174971720236,0.0724639016420624,0.050244863353368,0.0135936655851014,0.0386038747411262,-0.0834121871418659,0.0195392656661177,-0.0275096921855237,-0.238452382616235,-0.175590599723406,-0.159163614161455,-0.213318858218077,0.0444571049371552,-0.145166242009274,-0.229352020156938,-0.318955830041809,-0.31531727150963,-0.100005025860525,-0.146691131394538,0.252941449035278,0.0883829510057178,-0.378156313965533,0.17379151118822,0.11043335171693,-0.0409192386317015,1
